<?xml version="1.0"?>
<opencv_storage>
<cameraMatrix type_id="opencv-matrix">
  <rows>3</rows>
  <cols>3</cols>
  <dt>d</dt>
  <data>
    7.2056849479303162e+02 0. 3.8526338219385809e+02 0.
    7.2038077413051781e+02 2.3069360074073879e+02 0. 0. 1.</data></cameraMatrix>
<distCoeffs type_id="opencv-matrix">
  <rows>1</rows>
  <cols>5</cols>
  <dt>d</dt>
  <data>
    6.0712501928111610e-02 1.2105348379181012e-01 1.6049961796104732e-03
    1.6107979928018988e-03 -5.4415072220416028e-01</data></distCoeffs>
<rms_error>1.5555838677776987e-01</rms_error>
</opencv_storage>
