<?xml version="1.0"?>
<opencv_storage>
<cameraMatrix type_id="opencv-matrix">
  <rows>3</rows>
  <cols>3</cols>
  <dt>d</dt>
  <data>
    2.3477165081682951e+03 0. 9.8241868668203313e+02 0.
    2.3479864480437677e+03 5.4946085237908187e+02 0. 0. 1.</data></cameraMatrix>
<distCoeffs type_id="opencv-matrix">
  <rows>1</rows>
  <cols>5</cols>
  <dt>d</dt>
  <data>
    -8.5568569293369728e-02 1.8921087311703302e-01
    3.7096038873349086e-04 -8.7443399008316333e-04
    -2.0947952983042067e-01</data></distCoeffs>
<rms_error>9.8105764323356229e-02</rms_error>
</opencv_storage>
