<?xml version="1.0"?>
<opencv_storage>
<R type_id="opencv-matrix">
  <rows>3</rows>
  <cols>3</cols>
  <dt>d</dt>
  <data>
    9.9977621998317323e-01 -5.6445894641206805e-03
    2.0387460997853438e-02 5.5836263883207284e-03 9.9997977256482218e-01
    3.0459116143065805e-03 -2.0404241532414425e-02
    -2.9313940349357873e-03 9.9978751435317437e-01</data></R>
<T type_id="opencv-matrix">
  <rows>3</rows>
  <cols>1</cols>
  <dt>d</dt>
  <data>
    -2.5132607174500454e-01 -5.7315702443078305e-04
    2.5154586953616597e-03</data></T>
<Q type_id="opencv-matrix">
  <rows>4</rows>
  <cols>4</cols>
  <dt>d</dt>
  <data>
    1. 0. 0. -9.7332286071777344e+02 0. 1. 0. -5.5861007690429688e+02 0.
    0. 0. 2.3445438098915374e+03 0. 0. 3.9786851770506431e+00
    1.4289080882633823e+02</data></Q>
<E type_id="opencv-matrix">
  <rows>3</rows>
  <cols>3</cols>
  <dt>d</dt>
  <data>
    -2.3505471876665420e-06 -2.5137276650014587e-03
    -5.8069710164522471e-04 -2.6132220853055050e-03
    -7.5093447918641915e-04 2.5132395237812905e-01
    -8.3028212292618443e-04 -2.5132422329928122e-01
    -7.5383178442492991e-04</data></E>
<F type_id="opencv-matrix">
  <rows>3</rows>
  <cols>3</cols>
  <dt>d</dt>
  <data>
    -3.0523744988818941e-10 -3.2648628863546788e-07
    9.0367419725234736e-06 -3.3930888350682419e-07
    -9.7521154819766989e-08 7.6805428327976724e-02
    -6.6391178071940421e-05 -7.6260592651108350e-02 1.</data></F>
<rms_error>1.0042045735279953e-01</rms_error>
</opencv_storage>
