<?xml version="1.0"?>
<opencv_storage>
<cameraMatrix type_id="opencv-matrix">
  <rows>3</rows>
  <cols>3</cols>
  <dt>d</dt>
  <data>
    7.1913217016450926e+02 0. 3.9078139414935038e+02 0.
    7.1814888395443393e+02 2.2129875962087897e+02 0. 0. 1.</data></cameraMatrix>
<distCoeffs type_id="opencv-matrix">
  <rows>1</rows>
  <cols>5</cols>
  <dt>d</dt>
  <data>
    4.2104284255720777e-02 2.7370703122799733e-01 6.3139226886260713e-04
    1.4289655894629489e-03 -9.8186170737920986e-01</data></distCoeffs>
<rms_error>1.5436938982626369e-01</rms_error>
</opencv_storage>
