<?xml version="1.0"?>
<opencv_storage>
<R type_id="opencv-matrix">
  <rows>3</rows>
  <cols>3</cols>
  <dt>d</dt>
  <data>
    9.9999027034895704e-01 -1.9293923540131825e-03
    -3.9669449913173251e-03 1.9183511623778878e-03
    9.9999428121706257e-01 -2.7852220715860157e-03
    3.9722960913891533e-03 2.7775849788119820e-03 9.9998825287372639e-01</data></R>
<T type_id="opencv-matrix">
  <rows>3</rows>
  <cols>1</cols>
  <dt>d</dt>
  <data>
    -6.0296954074380599e-02 -5.3184971735391285e-04
    -1.1694352062130490e-05</data></T>
<Q type_id="opencv-matrix">
  <rows>4</rows>
  <cols>4</cols>
  <dt>d</dt>
  <data>
    1. 0. 0. -3.9004793548583984e+02 0. 1. 0. -2.2585173034667969e+02 0.
    0. 0. 7.1926482904247587e+02 0. 0. 1.6583940236140158e+01
    5.5336273300907948e+01</data></Q>
<E type_id="opencv-matrix">
  <rows>3</rows>
  <cols>3</cols>
  <dt>d</dt>
  <data>
    -2.0902306795797296e-06 1.0217027398761825e-05
    -5.3187604101560077e-04 2.2782311671216759e-04
    1.6750247689856931e-04 6.0296292149298512e-02 4.1617381070532155e-04
    -6.0297635395966609e-02 1.6583058876498254e-04</data></E>
<F type_id="opencv-matrix">
  <rows>3</rows>
  <cols>3</cols>
  <dt>d</dt>
  <data>
    -3.9671315638457799e-09 1.9396353904419559e-08
    -7.3033749128238333e-04 4.3298654586826539e-07
    3.1842781908371624e-07 8.2333568337778218e-02 4.7375380241715105e-04
    -8.2397891692420774e-02 1.</data></F>
<rms_error>1.9746289469433762e-01</rms_error>
</opencv_storage>
