<?xml version="1.0"?>
<opencv_storage>
<cameraMatrix type_id="opencv-matrix">
  <rows>3</rows>
  <cols>3</cols>
  <dt>d</dt>
  <data>
    2.3415210269735294e+03 0. 1.0019312335671908e+03 0.
    2.3411011717393071e+03 5.6756065273141928e+02 0. 0. 1.</data></cameraMatrix>
<distCoeffs type_id="opencv-matrix">
  <rows>1</rows>
  <cols>5</cols>
  <dt>d</dt>
  <data>
    -7.2604547404503048e-02 1.6343246720073274e-02
    -7.3899794564203617e-04 -3.9794144819439671e-04
    4.0111763158198838e-01</data></distCoeffs>
<rms_error>9.0640443471717069e-02</rms_error>
</opencv_storage>
